129.953232 25.996565 0.000000 0.889146 25.000000
355.738923 26.336080 0.000000 0.740268 25.000000
233.086211 28.580123 0.000000 0.674167 25.000000
95.727321 29.455837 0.000000 0.763617 25.000000
128.873303 25.598861 0.000000 0.676736 25.000000
48.844222 26.327163 0.000000 0.817022 25.000000
211.134350 27.889749 0.000000 0.895691 25.000000
182.040917 26.701678 0.000000 0.669282 25.000000
236.590902 25.484030 0.000000 0.699214 25.000000
156.291170 26.268135 0.000000 0.900059 25.000000
92.435228 29.402335 0.000000 0.771525 25.000000
219.677100 26.459942 0.000000 0.769615 25.000000
309.654957 26.032573 0.000000 0.759365 25.000000
69.543533 25.358085 0.000000 0.929996 25.000000
27.676242 28.432907 0.000000 0.842657 25.000000
271.263354 26.910618 0.000000 0.758729 25.000000
228.571894 27.726871 0.000000 0.882936 25.000000
19.334023 28.621352 0.000000 0.851818 25.000000
239.915339 26.992105 0.000000 0.755124 25.000000
139.622143 25.383561 0.000000 0.824299 25.000000
352.589273 25.646979 0.000000 0.737473 25.000000
306.275941 28.701396 0.000000 0.711174 25.000000
261.710805 26.472087 0.000000 0.845336 25.000000
13.667640 26.544392 0.000000 0.893985 25.000000
