268.459212 29.748139 0.000000 0.785105 25.000000
242.396938 29.305620 0.000000 0.675071 25.000000
4.044095 28.383176 0.000000 0.779311 25.000000
305.675247 28.765146 0.000000 0.774981 25.000000
327.487591 29.858488 0.000000 0.864035 25.000000
287.126645 28.103101 0.000000 0.663014 25.000000
174.464906 27.433297 0.000000 0.896584 25.000000
285.681051 26.054630 0.000000 0.896507 25.000000
45.487980 29.069976 0.000000 0.726284 25.000000
209.588429 27.394269 0.000000 0.720971 25.000000
71.765329 29.724853 0.000000 0.770880 25.000000
179.038533 28.507436 0.000000 0.841105 25.000000
69.439437 25.915986 0.000000 0.800028 25.000000
268.622434 29.148938 0.000000 0.754713 25.000000
192.440202 26.468338 0.000000 0.877474 25.000000
236.460666 27.886114 0.000000 0.871847 25.000000
231.087489 26.034172 0.000000 0.887358 25.000000
226.783735 29.810711 0.000000 0.906437 25.000000
266.697948 28.399910 0.000000 0.831940 25.000000
236.785662 27.599221 0.000000 0.912897 25.000000
79.870872 28.120431 0.000000 0.916233 25.000000
179.881541 26.823863 0.000000 0.928713 25.000000
67.091410 29.603077 0.000000 0.813893 25.000000
141.776753 26.462246 0.000000 0.667459 25.000000
