208.375797 27.600981 0.000000 0.756375 25.000000
184.551713 28.881238 0.000000 0.796228 25.000000
42.392544 27.698076 0.000000 0.905923 25.000000
207.246245 26.936763 0.000000 0.706651 25.000000
279.285624 28.941315 0.000000 0.870990 25.000000
42.061153 28.423144 0.000000 0.923557 25.000000
147.481457 26.696556 0.000000 0.767695 25.000000
127.897633 28.514656 0.000000 0.815549 25.000000
19.254412 29.183257 0.000000 0.689166 25.000000
343.680471 29.474123 0.000000 0.767616 25.000000
206.032873 28.106418 0.000000 0.831475 25.000000
354.281402 25.279117 0.000000 0.879916 25.000000
123.564939 28.972707 0.000000 0.797944 25.000000
258.510545 27.640854 0.000000 0.824286 25.000000
263.321873 26.769056 0.000000 0.858102 25.000000
358.336821 27.118465 0.000000 0.763212 25.000000
291.373754 25.887229 0.000000 0.836188 25.000000
65.242845 29.739842 0.000000 0.927802 25.000000
167.477280 25.644472 0.000000 0.683356 25.000000
246.656617 27.303306 0.000000 0.881267 25.000000
252.791246 25.513031 0.000000 0.923820 25.000000
338.216751 28.849247 0.000000 0.936528 25.000000
153.747400 28.543974 0.000000 0.832140 25.000000
264.596959 25.075458 0.000000 0.704491 25.000000
