324.703457 28.512535 0.000000 0.935101 25.000000
317.315421 28.243705 0.000000 0.930066 25.000000
238.970702 29.849800 0.000000 0.756420 25.000000
4.494213 27.939080 0.000000 0.713665 25.000000
170.969643 28.659973 0.000000 0.849016 25.000000
351.682176 25.303479 0.000000 0.778984 25.000000
276.788085 25.499214 0.000000 0.714262 25.000000
104.157750 25.112139 0.000000 0.905768 25.000000
135.358038 28.653640 0.000000 0.782325 25.000000
72.026041 27.598215 0.000000 0.851757 25.000000
167.129712 27.659477 0.000000 0.949862 25.000000
17.642690 25.237440 0.000000 0.690834 25.000000
106.473125 26.169236 0.000000 0.880628 25.000000
256.030663 25.262158 0.000000 0.783203 25.000000
125.854407 26.732480 0.000000 0.720608 25.000000
52.842212 29.480480 0.000000 0.932525 25.000000
235.181758 26.260110 0.000000 0.660472 25.000000
54.012479 26.480315 0.000000 0.885660 25.000000
197.270307 26.860496 0.000000 0.758073 25.000000
113.837352 27.299400 0.000000 0.878501 25.000000
340.994732 28.095568 0.000000 0.736819 25.000000
198.485166 25.662751 0.000000 0.761688 25.000000
346.910802 25.611837 0.000000 0.880479 25.000000
99.851604 26.893310 0.000000 0.767196 25.000000
