192.473181 25.987561 0.000000 0.938411 25.000000
67.465772 25.428817 0.000000 0.651615 25.000000
123.274349 28.530153 0.000000 0.812365 25.000000
219.463556 27.198879 0.000000 0.756427 25.000000
96.574887 27.288203 0.000000 0.714225 25.000000
187.557838 27.537917 0.000000 0.712430 25.000000
105.097553 28.870642 0.000000 0.755989 25.000000
61.120356 26.037539 0.000000 0.747809 25.000000
301.893945 25.267424 0.000000 0.843759 25.000000
148.098146 26.648310 0.000000 0.817072 25.000000
113.030735 25.395197 0.000000 0.948976 25.000000
268.057207 26.258667 0.000000 0.860146 25.000000
29.363922 29.430304 0.000000 0.792267 25.000000
13.854581 28.959446 0.000000 0.902871 25.000000
10.091372 26.285104 0.000000 0.673081 25.000000
233.919484 29.410588 0.000000 0.745216 25.000000
223.821625 26.402071 0.000000 0.750206 25.000000
130.760356 27.721608 0.000000 0.935099 25.000000
10.349069 25.020162 0.000000 0.669772 25.000000
130.367885 25.705995 0.000000 0.689766 25.000000
329.546338 28.351744 0.000000 0.884910 25.000000
3.308819 26.560396 0.000000 0.871859 25.000000
196.470552 26.925467 0.000000 0.727765 25.000000
314.275893 29.995797 0.000000 0.672616 25.000000
