121.942850 29.451651 0.000000 0.920503 25.000000
6.209045 27.886089 0.000000 0.738705 25.000000
199.528680 28.657970 0.000000 0.851834 25.000000
56.100586 25.231824 0.000000 0.705814 25.000000
268.817933 29.176448 0.000000 0.824584 25.000000
70.244005 25.191250 0.000000 0.830160 25.000000
169.016778 28.486043 0.000000 0.753475 25.000000
199.970695 29.675362 0.000000 0.944679 25.000000
94.970797 29.302985 0.000000 0.855055 25.000000
300.732939 25.257179 0.000000 0.797023 25.000000
332.311549 25.463700 0.000000 0.660198 25.000000
321.026692 29.225653 0.000000 0.874647 25.000000
13.905352 27.937858 0.000000 0.882806 25.000000
264.933225 26.892088 0.000000 0.933970 25.000000
271.701994 25.748270 0.000000 0.803756 25.000000
208.259496 29.909683 0.000000 0.837638 25.000000
231.257725 25.758948 0.000000 0.756534 25.000000
226.091956 28.579066 0.000000 0.720980 25.000000
203.389270 26.214138 0.000000 0.686733 25.000000
105.450050 26.829724 0.000000 0.930407 25.000000
216.231184 25.020267 0.000000 0.929936 25.000000
9.047416 28.086040 0.000000 0.658776 25.000000
8.081429 27.003415 0.000000 0.946981 25.000000
356.970849 27.473295 0.000000 0.743938 25.000000
