328.370184 27.118675 0.000000 0.842926 25.000000
123.996587 26.331205 0.000000 0.722261 25.000000
203.108832 29.345415 0.000000 0.792208 25.000000
230.998290 29.081848 0.000000 0.825995 25.000000
315.060135 26.297708 0.000000 0.764622 25.000000
164.728608 25.046402 0.000000 0.919175 25.000000
224.653256 28.442836 0.000000 0.783380 25.000000
69.381296 26.534057 0.000000 0.703281 25.000000
160.346623 27.407695 0.000000 0.811634 25.000000
146.772776 26.612235 0.000000 0.901500 25.000000
114.943948 28.135651 0.000000 0.699744 25.000000
29.325300 28.637813 0.000000 0.713018 25.000000
103.848681 27.868247 0.000000 0.921621 25.000000
271.021984 25.159443 0.000000 0.662350 25.000000
170.956701 29.600551 0.000000 0.664203 25.000000
29.329836 27.048145 0.000000 0.652331 25.000000
35.404788 25.041823 0.000000 0.914793 25.000000
170.413830 27.847584 0.000000 0.704764 25.000000
186.798997 25.412483 0.000000 0.933758 25.000000
161.162872 28.419312 0.000000 0.889382 25.000000
340.384796 29.764449 0.000000 0.702409 25.000000
295.285623 29.363303 0.000000 0.700505 25.000000
334.516064 27.201896 0.000000 0.917607 25.000000
218.295532 29.168066 0.000000 0.799131 25.000000
