172.284705 29.416716 0.000000 0.803782 25.000000
218.647264 28.859759 0.000000 0.763657 25.000000
54.727512 29.987374 0.000000 0.765686 25.000000
290.503328 29.032681 0.000000 0.886594 25.000000
324.846714 26.062071 0.000000 0.756231 25.000000
341.649924 29.151134 0.000000 0.932696 25.000000
281.741456 25.435273 0.000000 0.829479 25.000000
151.978168 29.840376 0.000000 0.892360 25.000000
275.562329 26.533043 0.000000 0.915379 25.000000
282.421529 28.909311 0.000000 0.804969 25.000000
107.194439 25.720393 0.000000 0.840890 25.000000
201.292272 29.062794 0.000000 0.719643 25.000000
276.041669 26.450654 0.000000 0.852240 25.000000
113.904093 25.837987 0.000000 0.837053 25.000000
9.451296 25.773355 0.000000 0.883969 25.000000
295.596175 27.749296 0.000000 0.807361 25.000000
264.537714 25.616996 0.000000 0.825236 25.000000
198.456885 25.274094 0.000000 0.870839 25.000000
352.368042 26.270602 0.000000 0.755017 25.000000
330.489599 29.662193 0.000000 0.795735 25.000000
209.423487 27.023306 0.000000 0.802063 25.000000
250.859098 29.537180 0.000000 0.690948 25.000000
337.930861 28.617785 0.000000 0.857426 25.000000
309.329501 29.958127 0.000000 0.739843 25.000000
