172.990440 26.461305 0.000000 0.905725 25.000000
355.387000 29.122797 0.000000 0.949207 25.000000
0.306063 29.178951 0.000000 0.656198 25.000000
83.832702 26.607000 0.000000 0.798751 25.000000
247.804665 29.013734 0.000000 0.938128 25.000000
231.183644 29.567057 0.000000 0.671254 25.000000
126.990516 25.777158 0.000000 0.835924 25.000000
350.973604 26.640742 0.000000 0.895041 25.000000
252.807731 27.053353 0.000000 0.765246 25.000000
171.050145 25.136502 0.000000 0.728990 25.000000
154.290440 28.522595 0.000000 0.831578 25.000000
61.169942 28.778094 0.000000 0.933517 25.000000
351.720575 25.910538 0.000000 0.759939 25.000000
43.568671 26.516615 0.000000 0.788058 25.000000
116.923049 29.160710 0.000000 0.717715 25.000000
267.783045 26.803431 0.000000 0.708987 25.000000
301.062937 28.291149 0.000000 0.673306 25.000000
218.086768 26.473065 0.000000 0.935078 25.000000
145.909800 25.508886 0.000000 0.841166 25.000000
30.536808 27.343618 0.000000 0.838838 25.000000
320.789058 29.898365 0.000000 0.673433 25.000000
5.246941 28.401961 0.000000 0.821886 25.000000
18.715529 29.058973 0.000000 0.652653 25.000000
351.990736 28.912033 0.000000 0.661637 25.000000
