126.969467 27.633635 0.000000 0.805842 25.000000
271.922133 25.736012 0.000000 0.718504 25.000000
159.082488 28.516103 0.000000 0.754559 25.000000
142.084937 27.340768 0.000000 0.775467 25.000000
43.315493 29.854341 0.000000 0.914220 25.000000
2.951501 29.454936 0.000000 0.874040 25.000000
131.564638 26.175323 0.000000 0.702842 25.000000
43.339724 29.472694 0.000000 0.661214 25.000000
260.116624 28.069145 0.000000 0.896496 25.000000
64.109870 27.445080 0.000000 0.702766 25.000000
156.793429 29.022976 0.000000 0.873177 25.000000
219.261329 25.292131 0.000000 0.722764 25.000000
131.952574 27.785103 0.000000 0.867880 25.000000
73.729292 26.512851 0.000000 0.804810 25.000000
149.003218 26.346581 0.000000 0.900677 25.000000
176.543086 25.102994 0.000000 0.874095 25.000000
25.590545 26.451359 0.000000 0.786539 25.000000
294.175304 27.855827 0.000000 0.883782 25.000000
108.709296 29.288782 0.000000 0.674864 25.000000
31.781858 25.308487 0.000000 0.658062 25.000000
42.953704 27.733602 0.000000 0.687646 25.000000
118.074542 25.320180 0.000000 0.914383 25.000000
153.685896 28.102722 0.000000 0.741092 25.000000
266.722940 25.998612 0.000000 0.927417 25.000000
