247.681724 26.250968 0.000000 0.704291 25.000000
1.158218 29.165014 0.000000 0.706980 25.000000
141.529873 29.875574 0.000000 0.940133 25.000000
348.990088 28.153924 0.000000 0.756656 25.000000
353.821343 28.567823 0.000000 0.828845 25.000000
316.244498 25.890869 0.000000 0.936656 25.000000
135.459290 29.638270 0.000000 0.875952 25.000000
103.657589 28.723636 0.000000 0.737563 25.000000
36.459362 29.439689 0.000000 0.707701 25.000000
301.885324 28.727417 0.000000 0.916911 25.000000
15.400419 28.494282 0.000000 0.734933 25.000000
17.826582 26.913283 0.000000 0.899549 25.000000
232.241936 27.385964 0.000000 0.776289 25.000000
101.399350 25.428988 0.000000 0.711402 25.000000
64.225423 29.169387 0.000000 0.835585 25.000000
317.575051 26.860585 0.000000 0.902809 25.000000
315.433448 26.638561 0.000000 0.836725 25.000000
161.251570 27.026315 0.000000 0.784772 25.000000
235.465644 29.215544 0.000000 0.765475 25.000000
287.796292 29.874066 0.000000 0.729143 25.000000
349.014975 25.628958 0.000000 0.833171 25.000000
13.476914 26.781448 0.000000 0.773238 25.000000
82.334310 29.505760 0.000000 0.870574 25.000000
197.920480 26.481259 0.000000 0.764123 25.000000
